0.42	0.3809754400948408
0.425	0.38147813404268965
0.43	0.3827016914044693
0.435	0.38458249355849683
0.44	0.38710467649382496
0.445	0.3905311494586211
0.44999999999999996	0.3959451935637298
0.45499999999999996	0.40208241776761955
0.45999999999999996	0.4087878944871532
0.46499999999999997	0.4158973680374827
0.47	0.42325857242674075
0.475	0.4307106151782565
0.48	0.4397967335199374
0.485	0.4491036599374629
0.49	0.4580783719528526
0.495	0.46659830960605947
0.5	0.4745726617047453
0.505	0.48192896342132396
0.51	0.4886526099102019
0.515	0.4955625269753238
0.52	0.5028699577881258
0.525	0.5094136327821993
0.53	0.5152055235586676
0.535	0.5202715137444107
0.54	0.524646167041692
0.5449999999999999	0.5283543629828853
0.55	0.5314456358008779
0.5549999999999999	0.5339456370840412
0.56	0.5372314754057783
0.565	0.5402485953561831
0.57	0.5427037974940545
0.575	0.5446370622000685
0.58	0.5460804922904193
0.585	0.5470558704079921
0.59	0.5476013088260698
0.595	0.5477326369066695
0.6	0.5474728103071504
0.605	0.5668695195982411
0.61	0.5653952288252895
0.615	0.5642216328930194
0.62	0.5627532729970388
0.625	0.5610031280174321
0.63	0.5589791257822562
0.635	0.556691642103491
0.64	0.5541488379893847
0.645	0.5513578104474467
0.65	0.5483257777555779
0.655	0.5450565647665738
0.6599999999999999	0.5415571394917387
0.665	0.5378295354389193
0.6699999999999999	0.5343841920904014
0.675	0.5316456222643677
0.6799999999999999	0.528655750571388
0.685	0.5254196057153101
0.69	0.5219372154529127
0.6950000000000001	0.5182139001307726
0.7	0.514251306440836
0.7050000000000001	0.5100520841102458
0.71	0.5056184364393429
0.715	0.5009520576998427
0.72	0.49605786424273696
0.725	0.4909355303694665
0.73	0.48558842498217325
0.735	0.4800203222158572
0.74	0.4742306894822146
0.745	0.46865799572278044
0.75	0.463731194583743
0.755	0.45855845205780876
0.76	0.4531421907961241
0.765	0.4474846029800032
0.77	0.44158715544726884
0.7749999999999999	0.4354527415153133
0.78	0.42908520460104
0.7849999999999999	0.4224847460693812
0.79	0.4156560525575244
0.7949999999999999	0.4086001705347963
0.8	0.4013213038688022
0.8049999999999999	0.39382176058968155
0.81	0.38610519349801903
0.815	0.3781732804439121
0.8200000000000001	0.3700311484815963
0.825	0.3616809862083639
0.8300000000000001	0.3531266627449747
0.835	0.3443709850449751
0.84	0.33581006445561784
0.845	0.3274152235741177
0.85	0.31880886561617533
0.855	0.3099944862144901
0.86	0.300975822000156
0.865	0.2917573680009529
0.87	0.2823428576476762
0.875	0.27273651444425756
0.88	0.26294399285698494
0.885	0.2532110817049052
0.89	0.2434682403113213
0.895	0.233541246130707
0.8999999999999999	0.22343579260569793
0.905	0.2131577015062315
0.9099999999999999	0.20271422229888073
0.915	0.19211282535555244
0.9199999999999999	0.18136221019350549
0.925	0.1704729241997012
0.9299999999999999	0.15945716290735237
0.935	0.14857334931149954
0.94	0.13772390246821867
0.9450000000000001	0.12679357630703364
0.95	0.11581401624520461
0.9550000000000001	0.10482978923686666
0.96	0.09390532197971017
0.9650000000000001	0.08313744084110891
0.97	0.0726787749367389
0.9750000000000001	0.06277810577224968
0.98	0.05385353988595089
0.9850000000000001	0.0465944284034647
0.99	0.04205629084357
0.9950000000000001	0.04112596443396177
1.	0.04408047506477387
1.005	0.05035402322052526
1.01	0.05898875033322405
1.015	0.06918186975172064
1.02	0.08040563528014982
1.025	0.09233839164598345
1.03	0.10478375470192741
1.035	0.11761874685428285
1.04	0.13076256551123994
1.045	0.1441611256353611
1.05	0.15777592766010798
1.055	0.1713015265439307
1.06	0.18499094192753096
1.065	0.19883571371475728
1.07	0.21282304078616926
1.075	0.22694276406256922
1.08	0.24118642699399143
1.085	0.25554561983424956
1.09	0.2700142235400576
1.095	0.2845861720799393
1.1	0.2992557101422075
1.105	0.31401809178784673
1.11	0.32886864128367177
1.115	0.3438026638548142
1.12	0.35881673776864875
1.125	0.37376528670615683
1.13	0.38873955961361345
1.135	0.4037861305426058
1.14	0.41890109771214096
1.145	0.4340819827273091
1.15	0.44932554166928484
1.155	0.4646279830109516
1.16	0.4799865451886246
1.165	0.49526891126695044
1.17	0.5105838561552465
1.175	0.5259485471631147
1.18	0.5413613442588304
1.185	0.5568188652042603
1.19	0.5723182739113973
1.195	0.5878575956649599
1.2	0.6034336105957695
1.205	0.6153188314752728
1.21	0.6309306866728189
1.215	0.6465747001434704
1.22	0.6622468145467157
1.225	0.6779463571189334
1.23	0.693670729325134
1.235	0.7094176220722439
1.24	0.7251847385058391
1.245	0.7409696552662048
1.25	0.7567310446741795
1.255	0.7724333622052291
1.26	0.7881500191363394
1.265	0.8038802885036431
1.27	0.8196203276325027
1.275	0.8353695808123803
1.28	0.8511259633316376
1.285	0.8668880383984078
1.29	0.8826528500248899
1.295	0.8984200405333312
1.3	0.9141226676747074
1.305	0.9297723684994432
1.31	0.9454200101791451
1.315	0.9610649329170122
1.32	0.9767052134120066
1.325	0.9923383325149744
1.33	1.007962780746182
1.335	1.023578730938773
1.34	1.039183526763523
1.345	1.0547751056180945
1.35	1.0703551304495718
1.355	1.0858277687147648
1.36	1.10128468959977
1.365	1.1167242048368133
1.37	1.1321475498983273
1.375	1.1475515270361312
1.38	1.1629376688247157
1.385	1.1783015471383185
1.39	1.1936454335444793
1.395	1.2089647773919951
1.4	1.224261446748969
1.405	1.2395322286664243
1.41	1.2547156110512323
1.415	1.2698037639832975
1.42	1.2848652572818093
1.425	1.2998999465926642
1.43	1.3149068392347139
1.435	1.3298826415151506
1.44	1.344830072345443
1.4449999999999998	1.3597473808561067
1.45	1.3746308156283127
1.4549999999999998	1.3894811301568906
1.46	1.4043008015987648
1.4649999999999999	1.4190854705028597
1.47	1.4338350087270373
1.4749999999999999	1.448506568291956
1.48	1.4631395957191269
1.4849999999999999	1.4777370554722329
1.49	1.4922991666994767
1.4949999999999999	1.5068257663978284
1.5	1.521311687028356
1.505	1.535761315459149
1.51	1.550172150599899
1.515	1.5645430823440978
1.52	1.5788733357766287
1.525	1.5931642797159056
1.53	1.6074154868868435
1.535	1.62162322098761
1.54	1.635750498679063
1.545	1.649743665846044
1.55	1.6636948371805589
1.555	1.6776029018931726
1.56	1.6914690848046985
1.565	1.705291594967274
1.57	1.7190699010282413
1.575	1.732805659859509
1.5799999999999998	1.7464981650501032
1.585	1.7601442904874953
1.5899999999999999	1.7737470890765605
1.595	1.787302225716097
1.5999999999999999	1.8008151474225522
1.605	1.8142798023683728
1.6099999999999999	1.8277008514865898
1.615	1.8410543229315204
1.6199999999999999	1.8543139467636167
1.625	1.8675283004328211
1.63	1.8806936640586351
1.635	1.893814174475443
1.64	1.906887832901614
1.645	1.9199162703635342
1.65	1.9328944437364914
1.655	1.945826937522546
1.66	1.9587122650398203
1.665	1.9715497135586482
1.67	1.9843384088570573
1.675	1.9970809775586058
1.68	2.0097757983204865
1.685	2.0224215895642206
1.69	2.0350191886809235
1.695	2.0475696871630986
1.7	2.060012631620689
1.7049999999999998	2.0723882095334907
1.71	2.0847134844420045
1.7149999999999999	2.0969929937431986
1.72	2.109225259776551
1.7249999999999999	2.1214092559598865
1.73	2.1335416814686434
1.7349999999999999	2.145630071351642
1.74	2.1576671436895607
1.7449999999999999	2.1696580271950343
1.75	2.1815988027753144
1.755	2.1934937663387704
1.76	2.205339587207491
1.765	2.217136203163988
1.77	2.2288848782733077
1.775	2.2405868044328785
1.78	2.252239467631117
1.785	2.263842794687096
1.79	2.275370518101488
1.795	2.2868082096674
1.8	2.2982006253651948
1.805	2.3095434078558057
1.81	2.3208375313215015
1.815	2.332086834433122
1.82	2.34328565589097
1.825	2.354440004915454
1.8299999999999998	2.365546371634371
1.835	2.376604907419917
1.8399999999999999	2.3876176066657533
1.845	2.398581224106139
1.8499999999999999	2.4094985146641563
1.855	2.4203677707948286
1.8599999999999999	2.4311921280558533
1.865	2.4419695573033184
1.8699999999999999	2.452698481856868
1.875	2.4633836695366123
1.88	2.474021152195509
1.885	2.484612060952431
1.89	2.4951545764948575
1.895	2.505601171470401
1.9	2.51600225173187
1.905	2.526356613835047
1.91	2.536664311792117
1.915	2.546928492668379
1.92	2.5571470223973214
1.925	2.5673192979523036
1.93	2.5774472655797833
1.935	2.58753009816999
1.94	2.5975683462033565
1.945	2.6075628795832264
1.95	2.617510121918423
1.955	2.6274155557658965
1.96	2.6372758066299244
1.9649999999999999	2.6470922526670297
1.97	2.656864153186699
1.9749999999999999	2.6665936008504185
1.98	2.676278041780065
1.9849999999999999	2.6859198983226213
1.99	2.6955163025369204
1.9949999999999999	2.7050721502210586
2.	2.714581637627522
2.005	2.724049206165347
2.0100000000000002	2.7334416565671935
2.015	2.7427932217811284
2.02	2.752099795971418
2.025	2.761366301994072
2.0300000000000002	2.7705889711262115
2.035	2.77977199957363
2.04	2.788912006578516
2.045	2.7980119296204333
2.0500000000000003	2.8070693090877894
2.055	2.816085565132306
2.06	2.8250615057360005
2.065	2.833995367104036
2.0700000000000003	2.8428875940795373
2.075	2.8517415632134893
2.08	2.8605538614183006
2.085	2.869326825555362
2.09	2.8780601416886746
2.095	2.8867496055684567
2.1	2.8954028085767898
2.105	2.9040161280563344
2.11	2.912587692554343
2.115	2.921122535774831
2.12	2.9296176598679344
2.125	2.9380742478369197
2.13	2.946491159651398
2.1350000000000002	2.954856245918608
2.14	2.963135131645122
2.145	2.971377360889031
2.15	2.97957940391549
2.1550000000000002	2.987745680214618
2.16	2.9958754646666548
2.165	3.00396578289451
2.17	3.0120173883638226
2.1750000000000003	3.020036450155569
2.18	3.02801724890077
2.185	3.0359597264876883
2.19	3.043865194736971
2.1950000000000003	3.051735719773901
2.2	3.059569040566793
2.205	3.067366788807634
2.21	3.0751297664809942
2.215	3.0828564897073414
2.22	3.090547115328487
2.225	3.0982009518626614
2.23	3.1058224502902205
2.235	3.113407503976098
2.24	3.1209582546488925
2.245	3.128473362598534
2.25	3.135955353039478
2.255	3.143399460332096
2.2600000000000002	3.150813219148474
2.265	3.1581905188347563
2.27	3.165535284440466
2.275	3.1728438481737635
2.2800000000000002	3.1801213227004905
2.285	3.187333031399513
2.29	3.194501679413771
2.295	3.201639664669681
2.3000000000000003	3.2087427932560266
2.305	3.2158138654137263
2.31	3.2228519409685865
2.315	3.229857011513715
2.3200000000000003	3.2368325765790287
2.325	3.2437750304912805
2.33	3.2506831664799
2.335	3.2575625486620123
2.34	3.264410180290296
2.345	3.2712264939721063
2.35	3.278010636419245
2.355	3.284763401067247
2.36	3.2914871842979223
2.365	3.2981796399754426
2.37	3.304840426819671
2.375	3.3114720122434487
2.38	3.3180713443668006
2.3850000000000002	3.3246411533903895
2.39	3.331182386734608
2.395	3.3376925666725232
2.4	3.3441725255474855
2.4050000000000002	3.3506252203205102
2.41	3.3570476706222765
2.415	3.3634411364631602
2.42	3.3698050745182555
2.425	3.3761389882182535
2.43	3.3824440325796625
2.435	3.3887238096600942
2.44	3.394970482933713
2.445	3.401191298682676
2.45	3.407382991518288
2.455	3.4135164687884254
2.46	3.4196215173187983
2.465	3.425699292792199
2.4699999999999998	3.4317488624432246
2.475	3.4377720984399
2.48	3.4437675793468023
2.485	3.4497354050405766
2.4899999999999998	3.4556759685038974
2.495	3.461590852662925
2.5	3.467479013878146