0.3 565.0946997337479
0.305 480.14721294966796
0.31 369.4218857547446
0.315 267.02303384939887
0.32 185.87384017117688
0.325 120.32474984527302
0.32999999999999996 55.81787031653709
0.33499999999999996 14.32839680809387
0.33999999999999997 80.60272317029484
0.345 133.59000878038066
0.35 172.47577626683815
0.355 200.96992735632162
0.36 222.8736692653281
0.365 240.9097495590099
0.37 256.84242723755904
0.375 271.79160402705423
0.38 286.4739558235103
0.385 301.35580391747277
0.39 316.74501047319217
0.395 332.84535762065445
0.4 349.78826168713874
0.40499999999999997 367.6505114686987
0.41 386.46302683144614
0.415 406.2135375322082
0.42 426.8449255373393
0.425 448.25037477791955
0.43 470.2662245452128
0.435 492.66342238212593
0.44 515.1386624102128
0.44499999999999995 537.3066330826778
0.44999999999999996 558.6952260934298
0.45499999999999996 578.7459774585525
0.45999999999999996 596.8222679281994
0.46499999999999997 612.2276903931977
0.47 624.236262812098
0.475 632.1346539053327
0.48 635.2743077206102
0.485 633.12862710207
0.49 625.3478894555504
0.495 611.8032401371324
0.5 592.6117893922442
0.505 568.137936339638
0.51 538.971398494408
0.515 505.88992347095893
0.52 469.82680770333496
0.525 431.8956364848052
0.53 393.66087545522834
0.535 358.64084251774
0.54 342.79480869155907
0.5449999999999999 472.3948688281457
0.55 370.4836660827899
0.5549999999999999 253.00836697073333
0.56 197.12649167335852
0.565 156.62492587161478
0.5700000000000001 123.02775304477716
0.575 94.25994636917918
0.5800000000000001 70.21257879643949
0.585 52.31531225771822
0.59 43.791871264034434
0.595 46.56458345815033
0.6 56.939125801986584
0.605 70.27962843997702
0.61 84.25131770449492
0.615 97.92269593455967
0.62 110.93207821273255
0.625 123.14766228710819
0.63 134.53660616895445
0.635 145.11096208885496
0.64 154.90343336428546
0.645 163.95572490706488
0.65 172.31265771006926
0.655 180.01910934962802
0.6599999999999999 187.11841973328998
0.665 193.65158991664765
0.6699999999999999 199.6569233815824
0.675 205.16991844627137
0.6799999999999999 210.22330329197396
0.685 215.0533638503854
0.69 219.47669306884987
0.6950000000000001 223.51759859105553
0.7 227.19835130955585
0.7050000000000001 230.53935459082987
0.71 233.5593068888788
0.7150000000000001 236.27535506964918
0.72 238.7032369037275
0.725 240.85741251076004
0.73 242.7511845627158
0.735 244.39680785618395
0.74 245.80558879891703
0.745 246.9879754849884
0.75 247.9536391414014
0.755 248.71154767848162
0.76 249.2700319321821
0.765 249.6368455623901
0.77 249.81921882637232
0.775 249.8239072056808
0.78 249.65723509033094
0.7849999999999999 249.3251352393168
0.79 248.8331842665849
0.7949999999999999 248.1866347081922
0.8 247.39044388794505
0.8049999999999999 246.44930000477595
0.81 245.36764563942467
0.815 244.14969902057825
0.8200000000000001 242.79947318517011
0.825 241.3207933736236
0.8300000000000001 239.7173126837688
0.835 237.99252628109497
0.8400000000000001 236.1497842452099
0.845 234.19230320918652
0.8500000000000001 232.12317688820013
0.855 229.9453856556675
0.8600000000000001 227.66180519107698
0.865 225.2752143618807
0.8700000000000001 222.78830234539885
0.875 220.20367511541005
0.8799999999999999 217.52386134044804
0.885 214.7513177133921
0.8899999999999999 211.88843384401608
0.895 208.93753667152868
0.8999999999999999 205.90089449330827
0.905 202.78072064268378
0.9099999999999999 199.57917682525164
0.915 196.29837616408588
0.9199999999999999 192.94038599085118
0.925 189.50723034872297
0.9299999999999999 186.00089235096647
0.935 182.42331625565836
0.94 178.77640941289215
0.9450000000000001 175.06204404242732
0.95 171.28205883975465
0.9550000000000001 167.43826044894254
0.96 163.5324248574186
0.9650000000000001 159.56629859599215
0.97 155.54159993542916
0.9750000000000001 151.46001989277352
0.98 147.32322326843746
0.9850000000000001 143.13284947607661
0.99 138.89051340910353
0.9950000000000001 134.59780622212008
1. 130.25629601416546
1.005 125.86752849835169
1.01 121.43302765000958
1.015 117.10408378711337
1.02 112.71275835286575
1.025 108.25961447697166
1.03 103.74521261605103
1.035 99.17011093179347
1.04 94.53486559806659
1.045 89.84003110747372
1.05 85.08616050228005
1.055 80.27380558752245
1.06 75.40351710338692
1.065 70.47584490149531
1.07 65.49133804184324
1.075 60.45054493681156
1.08 55.35401340446503
1.085 50.20229078553083
1.09 44.99592396481866
1.095 39.73545948295229
1.1 34.42144359129985
1.105 29.054422394977546
1.11 23.63494210662506
1.115 18.16354985785143
1.12 12.640796539927285
1.125 7.0672531653095865
1.1300000000000001 1.443913718882037
1.135 4.233201807663306
1.14 9.953074613990326
1.145 15.721718480819373
1.15 21.53851256322897
1.155 27.402903104803613
1.16 33.314345471733
1.165 39.272297753777714
1.17 45.27621930930664
1.175 51.32557033564829
1.18 57.41981170805549
1.185 63.55840485256645
1.19 69.7408117695533
1.195 75.9664949326244
1.2 82.23491732345663
1.205 88.54554233442974
1.21 94.89783380686717
1.215 101.29125597283993
1.22 107.72527338014449
1.225 114.19935088543217
1.23 120.7129536148152
1.235 127.26554687653885
1.24 133.85659611523837
1.245 140.48556686148387
1.25 147.15192463162714
1.2550000000000001 153.85513487406266
1.26 160.59466287824512
1.265 167.36997369293232
1.27 174.18053202717735
1.275 181.02580216043194
1.28 187.90524783334357
1.285 194.81833215602487
1.29 201.76451746978404
1.295 208.74326525584632
1.3 215.75403599323172
1.3050000000000002 222.79628906405387
1.31 229.86948260018218
1.3150000000000002 236.97307334409015
1.32 244.10651655228432
1.325 251.26926580304408
1.33 258.4607728969335
1.335 265.68048769862855
1.34 272.9278579708507
1.345 280.2023292519959
1.35 287.5033446875261
1.355 294.83034485958916
1.36 302.1827676715327
1.365 309.5600481624536
1.37 316.9616183283243
1.375 324.3869070100461
1.3800000000000001 331.8353396954473
1.385 339.30633835773057
1.3900000000000001 346.7993213156811
1.395 354.31370305358695
1.4000000000000001 361.8488940620253
1.405 368.84885307604276
1.4100000000000001 375.84267850887386
1.415 382.82965828289696
1.4200000000000002 389.80909478912474
1.425 396.78030472248423
1.4300000000000002 403.7426190600741
1.435 410.6953829355689
1.4400000000000002 417.63795556143157
1.445 424.5697100815139
1.4500000000000002 431.49003349167
1.455 438.39832653953886
1.46 445.294003583188
1.465 452.1764924618371
1.47 459.04523439959485
1.475 465.8996838581441
1.48 472.7393084189893
1.485 479.56358861742393
1.49 486.37201784633356
1.495 493.1641021917652
1.5 499.9393602945823
1.5050000000000001 506.69732319940584
1.51 513.4375342331463
1.5150000000000001 520.1595488213959
1.52 526.8629343526972
1.5250000000000001 533.5472700310809
1.53 540.2121467294988
1.5350000000000001 546.8571667996849
1.54 553.4819439660355
1.5450000000000002 560.0861031189411
1.55 566.6692801929776
1.5550000000000002 573.2311219782615
1.56 579.7712859981311
1.5650000000000002 586.2894402999863
1.57 592.7852633563119
1.5750000000000002 599.2584438265766
1.58 605.7086804674931
1.585 612.1356819253792
1.59 618.5391666096161
1.595 624.9188624878581
1.6 631.2745069778057
1.605 637.6058467238
1.61 643.9126375066379
1.615 650.1946440218057
1.62 656.4516397615008
1.625 662.6834068306989
1.6300000000000001 668.8897357998316
1.635 675.0704255583275
1.6400000000000001 681.2252831300016
1.645 687.3541235433441
1.6500000000000001 693.4567696641197
1.655 699.533052026324
1.6600000000000001 705.5828087415239
1.665 711.6058852577711
1.6700000000000002 717.6021342700075
1.675 723.571415571256
1.6800000000000002 729.5135958621574
1.685 735.4285486527905
1.6900000000000002 741.3161540766346
1.695 747.1762987771859
1.7000000000000002 753.0088757480369
1.705 758.813784204749
1.71 764.5909294242086
1.715 770.3402226253695
1.72 776.061580827156
1.725 781.7549267045407
1.73 787.4201884790643
1.735 793.0572997416019
1.74 798.6661993786719
1.745 804.2468313925986
1.75 809.7991448089672
1.7550000000000001 815.3230935330166
1.76 820.8186362281837
1.7650000000000001 826.2857361920901
1.77 831.7243612440731
1.7750000000000001 837.1344835993053
1.78 842.5160797408354
1.7850000000000001 847.8691303361636
1.79 853.1936200766991
1.7950000000000002 858.489537610864
1.8 863.756875394057
1.8050000000000002 868.9956296033229
1.81 874.205800021628
1.8150000000000002 879.3873899313834
1.82 884.5404060287879
1.8250000000000002 889.6648582603865
1.83 894.7607598099837
1.8350000000000002 899.8281269278559
1.84 904.8669788620977
1.845 909.8773377636966
1.85 914.8592285779312
1.855 919.8126789687485
1.86 924.737719218998
1.865 929.6343821207726
1.87 934.5027029206533
1.875 939.3427192168244
1.8800000000000001 944.1544708599155
1.885 948.9379998982743
1.8900000000000001 953.6933504709757
1.895 958.420568746248
1.9000000000000001 963.11970280885
1.905 967.790802632687
1.9100000000000001 972.4339199512797
1.915 977.0491082255536
1.9200000000000002 981.636422533381
1.925 986.1959195359442
1.9300000000000002 990.7276573689929
1.935 995.2316956036208
1.9400000000000002 999.7080951584376
1.945 1004.1569182332773
1.9500000000000002 1008.5782282675337
1.955 1012.9720898408939
1.9600000000000002 1017.3385686312507
1.965 1021.6777313518921
1.97 1025.9896456942417
1.975 1030.274380244369
1.98 1034.5320044754337
1.985 1038.7625886244891
1.99 1042.966203685895
1.995 1047.1429213559197
2. 1051.292813941933
2.005 1055.7870905115292
2.01 1060.260962108809
2.015 1064.7144942754242
2.02 1069.1477533239124
2.025 1073.560806287656
2.03 1077.953720910229
2.035 1082.3265656149124
2.04 1086.6794094727468
2.045 1091.0123221789852
2.05 1095.3253740367506
2.055 1099.618635909606
2.06 1103.8921792246033
2.065 1108.1460759328475
2.07 1112.3803984779406
2.075 1116.595219798098
2.08 1120.7906132986175
2.085 1124.9666527832667
2.09 1129.1234125028095
2.0949999999999998 1133.2609671048046
2.1 1137.3793915967947
2.105 1141.4787613439817
2.11 1145.5591520559394
2.1149999999999998 1149.6206397464784
2.12 1153.6633007410426
2.125 1157.6872116287539
2.13 1161.6924492906137
2.135 1165.6790908156859
2.14 1169.6472135606539
2.145 1173.596895060018
2.15 1177.5282130677758
2.155 1181.4412455159766
2.16 1185.3360705026232
2.165 1189.2127662641624
2.17 1193.0714111987847
2.175 1196.9120838085364
2.18 1200.7348627206154
2.185 1204.5398266404911
2.19 1208.3270543678182
2.195 1212.0966247790277
2.2 1215.8486167949716
2.205 1219.5831093974427
2.21 1223.3001815927394
2.215 1226.999912409066
2.2199999999999998 1230.6823808965607
2.225 1234.3476661076356
2.23 1237.9958470671033
2.235 1241.6270027994478
2.2399999999999998 1245.2412123072422
2.245 1248.8385545207811
2.25 1252.4191083606424
2.255 1255.9829526626263
2.26 1259.5301662034826
2.265 1263.0608276938003
2.27 1266.5750157483526
2.275 1270.0728089004538
2.28 1273.554285579508
2.285 1277.0195241085864
2.29 1280.4686026857496
2.295 1283.9015994103481
2.3 1287.3185922212178
2.3049999999999997 1290.7196589581902
2.31 1294.1048772756908
2.315 1297.4743247169765
2.32 1300.828078649313
2.3249999999999997 1304.1662162816656
2.33 1307.4888146644082
2.335 1310.7959506507825
2.34 1314.0877009542166
2.3449999999999998 1317.3641420582067
2.3499999999999996 1320.6253502882998
2.355 1323.871401779822
2.36 1327.1023724365223
2.3649999999999998 1330.3183379805616
2.3699999999999997 1333.5193739272418
2.375 1336.705555582322
2.38 1339.8769580099279
2.385 1343.033656074925
2.3899999999999997 1346.17572441093
2.395 1349.3032374213985
2.4 1352.416269273742
2.405 1355.514893909047
2.4099999999999997 1358.5991850091004
2.415 1361.669216039383
2.42 1364.7250601942699
2.425 1367.7667904327684
2.4299999999999997 1370.794479459689
2.435 1373.80819971644
2.44 1376.80802339062
2.445 1379.7940224111344
2.4499999999999997 1382.7662684436912
2.455 1385.724832884196
2.46 1388.669786876329
2.465 1391.6012012651697
2.4699999999999998 1394.5191466504548
2.475 1397.423693345418
2.48 1400.3149113715715
2.485 1403.1928705068158
2.4899999999999998 1406.057640227891
2.4949999999999997 1408.9092897319001
2.5 1411.7478879331286